%YAML:1.0
# General sensor definitions.
camera_id: left_cam

# Sensor extrinsics wrt. the body-frame.
T_BS:
  cols: 4
  rows: 4
  data: [0.0, 1.0, 0.0, 0.033065
         0.0, 0.0, 1.0, 0.0
         1.0, 0.0, 0.0, 0.742092
         0.0, 0.0, 0.0, 1.0]

# Camera specific definitions.
rate_hz: 15
resolution: [752, 480]
camera_model: pinhole
intrinsics: [476.7099914550781, 479.5046081542969, 350.73760986328125, 209.53211975097656] #fu, fv, cu, cv
distortion_model: radial-tangential
distortion_coefficients: [-0.33659109473228455, 0.1597423255443573, 0.00012696981139015406, -7.225573062896729e-05]

