%YAML:1.0
# General sensor definitions.
camera_id: right_cam

# Sensor extrinsics wrt. the body-frame.
T_BS:
  cols: 4
  rows: 4
  data: [-0.9510565,  0.3090170,  0.0000000, -0.003385,
         -0.0000000, -0.0000000,  1.0000000, -0.050168,
         0.3090170,  0.9510565,  0.0000000, 0.742092,
         0.0, 0.0, 0.0, 1.0]
   
# Camera specific definitions.
rate_hz: 15
resolution: [752, 480]
camera_model: pinhole
intrinsics: [483.91143798828125, 486.46551513671875, 355.1438903808594, 223.02578735351562] #fu, fv, cu, cv
distortion_model: radial-tangential
distortion_coefficients: [-0.33846887946128845, 0.15625602006912231, -0.0003854665847029537, 0.0002954854571726173]
