%YAML:1.0
# General sensor definitions.
camera_id: right_cam

# Sensor extrinsics wrt. the body-frame.
T_BS:
  cols: 4
  rows: 4
  data: [0.0125552670891, -0.999755099723, 0.0182237714554, -0.0198435579556,
         0.999598781151, 0.0130119051815, 0.0251588363115, 0.0453689425024,
        -0.0253898008918, 0.0179005838253, 0.999517347078, 0.00786212447038,
         0.0, 0.0, 0.0, 1.0]

# Camera specific definitions.
rate_hz: 15
resolution: [752, 480]
camera_model: pinhole
intrinsics: [483.91143798828125, 486.46551513671875, 355.1438903808594, 223.02578735351562] #fu, fv, cu, cv
distortion_model: radial-tangential
distortion_coefficients: [-0.33846887946128845, 0.15625602006912231, -0.0003854665847029537]
