%YAML:1.0
# General sensor definitions.
camera_id: left_cam

# Sensor extrinsics wrt. the body-frame.
T_BS:
  cols: 4
  rows: 4
  data: [0.0, 1.0, 0.0, 0.033065
         0.0, 0.0, 1.0, 0.0
         1.0, 0.0, 0.0, 0.742092
         0.0, 0.0, 0.0, 1.0]

# Camera specific definitions.
rate_hz: 15
resolution: [752, 480]
camera_model: pinhole
intrinsics: [458.654, 457.296, 367.215, 248.375] #fu, fv, cu, cv
distortion_model: radial-tangential
distortion_coefficients: [-0.28340811, 0.07395907, 0.00019359, 1.76187114e-05]

