%YAML:1.0
# General sensor definitions.
camera_id: right_cam

# Sensor extrinsics wrt. the body-frame.
T_BS:
  cols: 4
  rows: 4
  data: [-4.82722098e-02,  2.00100946e-02,  9.98633762e-01, -0.020475, # 0.033065 - 0.05354
         1.08046955e-03,  9.99799771e-01, -1.99812305e-02, 0.0,
         -9.98833633e-01,  1.14455222e-04, -4.82841647e-02, 0.535495, # 0.622092 - 0.086597
         0.0, 0.0, 0.0, 1.0]
# Known ok
#  data: [-4.82722098e-02,  2.00100946e-02,  9.98633762e-01, 0.033065,
#         1.08046955e-03,  9.99799771e-01, -1.99812305e-02, 0.0,
#         -9.98833633e-01,  1.14455222e-04, -4.82841647e-02, 0.622092,
#         0.0, 0.0, 0.0, 1.0]
# Known bad
#  data: [-4.82841647e-02,  1.14455222e-04,  9.98833633e-01, 0.033065,
#         -1.99812305e-02,  9.99799771e-01, -1.08046955e-03, 0.0,
#         -9.98633762e-01, -2.00100946e-02, -4.82722098e-02, 0.622092,
#         0.0, 0.0, 0.0, 1.0]
#  data: [-0.07223499,  0.0019811,   0.99738567, 0.033065,
#         -0.02813854,  0.99959594, -0.00402341, 0.0,
#         -0.99699064, -0.02835561, -0.07215006, 0.622092,
#         0.0, 0.0, 0.0, 1.0]
#  data: [0.07215006, -0.00402341,  0.99738567, 0.033065,
#         0.02835561,  0.99959594,  0.0019811, 0.0,
#         -0.99699064,  0.02813854,  0.07223499, 0.622092,
#         0.0, 0.0, 0.0, 1.0]
#  data: [0, 0, 1, 0.033065,
#         0, 1, 0, 0.0,
#         -1, 0, 0, 0.622092,
#         0.0, 0.0, 0.0, 1.0]
#  data: [0.0019811,   0.07223499,  0.99738567, 0.033065,
#         -0.02835561,  0.99699064, -0.07215006, 0.0,
#         -0.99959594, -0.02813854,  0.00402341, 0.622092,
#         0.0, 0.0, 0.0, 1.0]

# Camera specific definitions.
rate_hz: 15
resolution: [480, 752]
camera_model: pinhole
intrinsics: [485.7801513671875, 483.2540283203125, 210.9530792236328, 386.670043945 ] #fu, fv, cu, cv
distortion_model: radial-tangential
distortion_coefficients: [-0.3350730240345001, 0.15195880830287933, -0.0003201397485099733, -0.000232060527196154]
